# Fields: query id, subject id, % identity, alignment length, mismatches, gap opens, q. start, q. end, s. start, s. end, evalue, bit score
QSSNP-19-157482	Chr19	99.67	301	1	0	1	301	36966250	36966550	3e-155	  551
QSSNP-19-157587	Chr19	99.67	301	1	0	1	301	36979390	36979690	3e-155	  551
QSSNP-19-157670	Chr19	99.67	301	1	0	1	301	36987983	36988283	3e-155	  551
QSSNP-19-157697	Chr19	99.67	301	1	0	1	301	36990129	36990429	3e-155	  551
QSSNP-19-157783	Chr19	99.67	301	1	0	1	301	37000824	37001124	3e-155	  551
QSSNP-19-158397	Chr19	99.67	301	1	0	1	301	37041386	37041686	3e-155	  551
QSSNP-19-159070	Chr19	99.67	301	1	0	1	301	37115118	37115418	3e-155	  551
QSSNP-19-159262	Chr19	99.67	301	1	0	1	301	37147911	37148211	3e-155	  551
QSSNP-19-159412	Chr19	99.67	301	1	0	1	301	37166420	37166720	3e-155	  551
QSSNP-19-159419	Chr19	99.67	301	1	0	1	301	37166669	37166969	3e-155	  551
QSSNP-19-159431	Chr19	99.67	301	1	0	1	301	37167253	37167553	3e-155	  551
QSSNP-19-159474	Chr19	99.67	301	1	0	1	301	37173261	37173561	3e-155	  551
QSSNP-19-159505	Chr19	99.67	301	1	0	1	301	37176842	37177142	3e-155	  551
QSSNP-19-159509	Chr19	99.67	301	1	0	1	301	37177140	37177440	3e-155	  551
QSSNP-19-159662	Chr19	99.67	301	1	0	1	301	37193917	37194217	3e-155	  551
QSSNP-19-159694	Chr19	99.67	301	1	0	1	301	37206632	37206932	3e-155	  551
QSSNP-19-159760	Chr19	99.67	301	1	0	1	301	37220339	37220639	3e-155	  551
QSSNP-19-159765	Chr19	99.67	301	1	0	1	301	37220947	37221247	3e-155	  551
QSSNP-19-160019	Chr19	99.67	301	1	0	1	301	37271833	37272133	3e-155	  551
QSSNP-19-160128	Chr19	99.67	301	1	0	1	301	37285837	37286137	3e-155	  551
QSSNP-19-160439	Chr19	99.67	301	1	0	1	301	37348198	37348498	3e-155	  551
QSSNP-19-160473	Chr19	99.67	301	1	0	1	301	37350420	37350720	3e-155	  551
QSSNP-19-160580	Chr19	99.67	301	1	0	1	301	37357865	37358165	3e-155	  551
QSSNP-19-160581	Chr19	99.67	301	1	0	1	301	37357869	37358169	3e-155	  551
QSSNP-19-160607	Chr19	99.67	301	1	0	1	301	37360029	37360329	3e-155	  551
QSSNP-19-160621	Chr19	99.67	301	1	0	1	301	37366343	37366643	3e-155	  551
QSSNP-19-160639	Chr19	99.67	301	1	0	1	301	37370423	37370723	3e-155	  551
QSSNP-19-160757	Chr19	99.67	301	1	0	1	301	37379784	37380084	3e-155	  551
QSSNP-19-160759	Chr19	99.67	301	1	0	1	301	37379869	37380169	3e-155	  551
QSSNP-19-160760	Chr19	99.67	301	1	0	1	301	37379898	37380198	3e-155	  551
QSSNP-19-160792	Chr19	99.67	301	1	0	1	301	37389185	37389485	3e-155	  551
QSSNP-19-160807	Chr19	99.67	301	1	0	1	301	37390211	37390511	3e-155	  551
QSSNP-19-160856	Chr19	99.67	301	1	0	1	301	37392507	37392807	3e-155	  551
QSSNP-19-160900	Chr19	99.67	301	1	0	1	301	37397537	37397837	3e-155	  551
QSSNP-19-160992	Chr19	99.67	301	1	0	1	301	37409948	37410248	3e-155	  551
QSSNP-19-161045	Chr19	99.67	301	1	0	1	301	37413837	37414137	3e-155	  551
QSSNP-19-161048	Chr19	99.67	301	1	0	1	301	37414005	37414305	3e-155	  551
QSSNP-19-161051	Chr19	99.67	301	1	0	1	301	37414090	37414390	3e-155	  551
QSSNP-19-161107	Chr19	99.67	301	1	0	1	301	37418790	37419090	3e-155	  551
QSSNP-19-161125	Chr19	99.67	301	1	0	1	301	37420077	37420377	3e-155	  551
QSSNP-19-161215	Chr19	99.67	301	1	0	1	301	37427777	37428077	3e-155	  551
QSSNP-19-161223	Chr19	99.67	301	1	0	1	301	37428602	37428902	3e-155	  551
QSSNP-19-161354	Chr19	99.67	301	1	0	1	301	37451950	37452250	3e-155	  551
QSSNP-19-161373	Chr19	99.67	301	1	0	1	301	37454028	37454328	3e-155	  551
QSSNP-19-161391	Chr19	99.67	301	1	0	1	301	37455320	37455620	3e-155	  551
QSSNP-19-161458	Chr19	99.67	301	1	0	1	301	37460200	37460500	3e-155	  551
QSSNP-19-161472	Chr19	99.67	301	1	0	1	301	37462007	37462307	3e-155	  551
QSSNP-19-161558	Chr19	99.67	301	1	0	1	301	37473411	37473711	3e-155	  551
QSSNP-19-161559	Chr19	99.67	301	1	0	1	301	37473424	37473724	3e-155	  551
QSSNP-19-161563	Chr19	99.67	301	1	0	1	301	37473749	37474049	3e-155	  551
QSSNP-19-161609	Chr19	99.67	301	1	0	1	301	37477522	37477822	3e-155	  551
QSSNP-19-161636	Chr19	99.67	301	1	0	1	301	37501339	37501639	3e-155	  551
QSSNP-19-161637	Chr19	99.67	301	1	0	1	301	37501427	37501727	3e-155	  551
QSSNP-19-161645	Chr19	99.67	301	1	0	1	301	37501728	37502028	3e-155	  551
QSSNP-19-161652	Chr19	99.67	301	1	0	1	301	37502781	37503081	3e-155	  551
QSSNP-19-161661	Chr19	99.67	301	1	0	1	301	37503802	37504102	3e-155	  551
QSSNP-19-161665	Chr19	99.67	301	1	0	1	301	37504124	37504424	3e-155	  551
QSSNP-19-161688	Chr19	99.67	301	1	0	1	301	37505548	37505848	3e-155	  551
QSSNP-19-161696	Chr19	99.67	301	1	0	1	301	37507271	37507571	3e-155	  551
QSSNP-19-161699	Chr19	99.67	301	1	0	1	301	37507481	37507781	3e-155	  551
QSSNP-19-161710	Chr19	99.67	301	1	0	1	301	37509159	37509459	3e-155	  551
QSSNP-19-161729	Chr19	99.67	301	1	0	1	301	37511254	37511554	3e-155	  551
QSSNP-19-161748	Chr19	99.67	301	1	0	1	301	37512840	37513140	3e-155	  551
QSSNP-19-162003	Chr19	99.34	301	1	1	1	301	37528847	37529146	5e-153	  544
QSSNP-19-162112	Chr19	99.67	301	1	0	1	301	37531875	37532175	3e-155	  551
QSSNP-19-162365	Chr19	99.67	301	1	0	1	301	37575336	37575636	3e-155	  551
QSSNP-19-162392	Chr19	99.67	301	1	0	1	301	37577658	37577958	3e-155	  551
QSSNP-19-163326	Chr19	99.67	301	1	0	1	301	37675499	37675799	3e-155	  551
QSSNP-19-163461	Chr19	99.67	301	1	0	1	301	37684303	37684603	3e-155	  551
QSSNP-19-163492	Chr19	99.67	301	1	0	1	301	37686801	37687101	3e-155	  551
QSSNP-19-163495	Chr19	99.67	301	1	0	1	301	37686821	37687121	3e-155	  551
QSSNP-19-163504	Chr19	99.67	301	1	0	1	301	37686987	37687287	3e-155	  551
QSSNP-19-163525	Chr19	99.67	301	1	0	1	301	37687645	37687945	3e-155	  551
QSSNP-19-163560	Chr19	99.67	301	1	0	1	301	37688711	37689011	3e-155	  551
QSSNP-19-163624	Chr19	99.67	301	1	0	1	301	37691370	37691670	3e-155	  551
QSSNP-19-163747	Chr19	99.67	301	1	0	1	301	37703302	37703602	3e-155	  551
QSSNP-19-163755	Chr19	99.67	301	1	0	1	301	37704543	37704843	3e-155	  551
QSSNP-19-163849	Chr19	99.67	301	1	0	1	301	37717124	37717424	3e-155	  551
QSSNP-19-163859	Chr19	99.67	301	1	0	1	301	37718392	37718692	3e-155	  551
QSSNP-19-163885	Chr19	99.67	301	1	0	1	301	37724979	37725279	3e-155	  551
QSSNP-19-163889	Chr19	99.67	301	1	0	1	301	37725094	37725394	3e-155	  551
QSSNP-19-163901	Chr19	99.67	301	1	0	1	301	37725502	37725802	3e-155	  551
QSSNP-19-163941	Chr19	99.67	301	1	0	1	301	37728906	37729206	3e-155	  551
QSSNP-19-163942	Chr19	99.67	301	1	0	1	301	37729053	37729353	3e-155	  551
QSSNP-19-163963	Chr19	99.67	301	1	0	1	301	37732050	37732350	3e-155	  551
QSSNP-19-164006	Chr19	99.67	301	1	0	1	301	37741134	37741434	3e-155	  551
QSSNP-19-164019	Chr19	99.67	301	1	0	1	301	37742835	37743135	3e-155	  551
QSSNP-19-164024	Chr19	99.67	301	1	0	1	301	37744768	37745068	3e-155	  551
QSSNP-19-164038	Chr19	99.67	301	1	0	1	301	37747960	37748260	3e-155	  551
QSSNP-19-164039	Chr19	99.67	301	1	0	1	301	37748140	37748440	3e-155	  551
QSSNP-19-164045	Chr19	99.67	301	1	0	1	301	37748608	37748908	3e-155	  551
QSSNP-19-164052	Chr19	99.67	301	1	0	1	301	37749242	37749542	3e-155	  551
QSSNP-19-164072	Chr19	99.67	301	1	0	1	301	37752051	37752351	3e-155	  551
QSSNP-19-164122	Chr19	99.67	301	1	0	1	301	37761544	37761844	3e-155	  551
QSSNP-19-164131	Chr19	99.67	301	1	0	1	301	37765197	37765497	3e-155	  551
QSSNP-19-164166	Chr19	99.67	301	1	0	1	301	37769016	37769316	3e-155	  551
QSSNP-19-164184	Chr19	99.67	301	1	0	1	301	37770326	37770626	3e-155	  551
QSSNP-19-164400	Chr19	99.67	301	1	0	1	301	37790500	37790800	3e-155	  551
QSSNP-19-164439	Chr19	99.67	301	1	0	1	301	37791693	37791993	3e-155	  551
QSSNP-19-164453	Chr19	99.67	301	1	0	1	301	37792205	37792505	3e-155	  551
QSSNP-19-164456	Chr19	99.67	301	1	0	1	301	37792369	37792669	3e-155	  551
QSSNP-19-166325	Chr19	99.67	301	1	0	1	301	38055438	38055738	3e-155	  551
QSSNP-19-167442	Chr19	100.00	301	0	0	1	301	38184457	38184757	6e-157	  556
QSSNP-19-167783	Chr19	99.67	301	1	0	1	301	38261950	38262250	3e-155	  551
QSSNP-19-168045	Chr19	99.67	301	1	0	1	301	38302474	38302774	3e-155	  551
QSSNP-19-168055	Chr19	99.67	301	1	0	1	301	38303297	38303597	3e-155	  551
QSSNP-19-168195	Chr19	99.67	301	1	0	1	301	38316075	38316375	3e-155	  551
QSSNP-19-168232	Chr19	99.67	301	1	0	1	301	38318027	38318327	3e-155	  551
QSSNP-19-168315	Chr19	99.67	301	1	0	1	301	38326224	38326524	3e-155	  551
QSSNP-19-168319	Chr19	99.67	301	1	0	1	301	38326436	38326736	3e-155	  551
QSSNP-19-168410	Chr19	99.67	301	1	0	1	301	38332985	38333285	3e-155	  551
QSSNP-19-168432	Chr19	99.66	294	1	0	8	301	38337176	38337469	2e-151	  538
QSSNP-19-168439	Chr19	99.67	301	1	0	1	301	38337578	38337878	3e-155	  551
